0010
0010
0000
0000
0000
0010
0010
0000
0012
0010
0000
0000
0000
0010
0010
0000
001A
0010
0000
0000
0000
0010
0010
0000
2002
0010
0000
0000
0000
0010
0010
0000
0010
0010
0000
0000
0010
0010
0010
0000
0000
0010
0000
0000
0010
0010
0010
0000
001A
0010
0000
0000
0000
0010
0010
0000
4002
0010
0000
0000
0000
0010
0010
0000
0000
0010
0000
0000
0000
0010
0010
0000
0012
0010
0000
0000
0010
0010
0010
0000
001A
0010
0000
0000
0000
0010
0010
0000
0202
0010
0000
0000
0000
0010
0010
0000
0000
0010
0000
0000
0000
0010
0010
0000
0000
0010
0000
0000
0010
0010
0010
0000
001A
0010
0000
0000
0000
0010
0010
0000
0402
0010
0000
0000
0000
0010
0010
0000
0000
0010
0000
0010
0010
0010
0010
0010
0000
0000
0000
0000
0010
0010
0010
0010
001A
0010
0000
0000
0010
0010
0010
0010
0000
0010
0002
0000
0000
0010
0000
0000
0000
0010
0000
0010
0010
0010
0010
0010
0000
0000
0000
0000
0010
0010
0010
0010
001A
0010
0000
0010
0010
0010
0010
0010
0102
0010
0000
0000
0010
0010
0010
0010
0012
0010
0000
0000
0010
0010
0010
0000
0000
0012
0000
0000
0010
0010
0010
0000
001A
0010
0000
0000
0000
0010
0010
0000
0802
0010
0000
0000
0000
0010
0010
0000
0012
0010
0000
0000
0010
0010
0010
0000
0000
0010
0000
0000
0010
0010
0010
0000
001A
0010
0000
0000
0000
0010
0010
0000
1002
0010
0000
0000
0000
0010
0010
0000