040A
080A
0000
0000
0000
0000
8005
0000
0000
0000
0000
0000
0000
0000
0000
0000
0000
0400
0000
0000
0000
0000
0000
0000
0000
0000
0000
0000
0000
0000
0000
0000
180A
080A
0000
0000
0000
0000
8005
0000
0000
0000
0000
0000
0000
0000
0000
0000
0000
0400
0000
0000
0000
0000
0000
0000
0000
0000
0000
0000
0000
0000
0000
0000
040A
080A
0000
0000
0000
0000
8005
0000
0000
0000
0000
0000
0000
0000
0000
0000
0000
0400
0000
0000
0000
0000
0000
0000
0000
0000
0000
0000
0000
0000
0000
0000
080A
080A
0000
0000
0000
0000
8005
0000
0000
0000
0000
0000
080A
0000
0000
0000
0000
0400
0000
0000
0000
0000
0000
0000
0000
0000
0000
0000
0000
0000
0000
0000
0000
080A
0000
080A
0000
0000
0000
0000
0000
0000
0000
0000
0000
0000
0000
3005
0000
0400
0000
0000
0000
0000
0000
8105
0000
3105
0000
0000
0000
3205
0000
0000
0000
080A
0000
080A
0000
0000
0000
0000
0000
0000
0000
0000
0000
0000
0000
0000
0000
0400
0000
0400
0000
0000
0000
0000
0000
0000
0000
0000
0000
0000
0000
0000
0000
080A
0000
0000
0000
0000
8005
0000
0000
0000
0000
0000
0000
0000
0000
0000
0000
0400
0000
0000
0000
0000
0000
0000
0000
0000
0000
0000
0000
0000
0000
0000
0000
080A
0000
0000
0000
0000
8005
0000
0000
0000
0000
0000
0000
0000
0000
0000
0000
0400
0000
0000
0000
0000
0000
0000
0000
0000
0000
0000
0000
0000
0000
0000