080A
0400
0000
0000
0000
0000
0000
0000
0000
0000
0000
0000
0000
0000
3005
0000
0000
000A
0000
0000
0000
0000
8205
0000
0000
0000
0000
0000
0000
0000
3205
0000
2055
0400
0000
0000
0000
0000
0000
0000
0000
0000
0000
0000
0000
0000
3005
0000
0000
000A
0000
0000
0000
0000
8205
0000
0000
0000
0000
0000
0000
0000
3205
0000
0020
0400
0000
0000
0000
0000
0000
0000
0000
0000
0000
0000
0000
0000
3005
0000
0000
000A
0000
0000
0000
0000
8205
0000
0000
0000
0000
0000
0000
0000
3205
0000
0000
0400
0000
0000
0000
0000
0000
0000
0000
0000
0000
0000
0000
0000
3005
0000
0000
000A
0000
0000
0000
0000
8205
0000
0000
0000
0000
0000
0000
0000
3205
0000
0000
0400
0000
0400
0000
0000
0000
0000
0000
0000
0000
0000
0000
0000
0000
0000
0000
0005
0000
0000
0000
0000
0000
0000
0000
0000
0000
0000
0000
0000
0000
0000
0000
0400
0000
0400
0000
0000
0000
0000
0000
0000
0000
0000
0000
0000
0000
0000
0000
0000
0000
0000
0000
0000
0000
0000
0000
0000
0000
0000
0000
0000
0000
0000
0000
0400
0000
0000
0000
0000
0000
0000
0000
0000
0000
0000
0000
0000
3005
0000
0000
000A
0000
0000
0000
0000
8205
0000
0000
0000
0000
0000
0000
0000
3205
0000
0000
0400
0000
0000
0000
0000
0000
0000
0000
0000
0000
0000
0000
0000
3005
0000
0000
000A
0000
0000
0000
0000
8205
0000
0000
0000
0000
0000
0000
0000
3205
0000