2015
000A
0000
0000
0000
0000
0000
0000
0000
0000
0000
0000
0000
000A
000A
0000
0000
080A
0000
0000
0000
020A
020A
0000
0000
010A
0000
0000
0000
020A
020A
0000
2095
000A
0000
0000
0000
0000
0000
0000
0000
0000
0000
0000
000A
000A
000A
0000
0000
080A
0000
0000
0000
020A
020A
0000
0000
010A
0000
0000
0000
020A
020A
0000
0020
000A
0000
0000
0000
0000
0000
0000
0000
0000
0000
0000
0000
000A
000A
0000
0000
080A
0000
0000
0000
020A
020A
0000
0000
010A
0000
0000
0000
020A
020A
0000
0020
000A
0000
0000
0000
0000
0000
0000
0000
0000
0000
0000
040A
000A
000A
0000
0000
080A
0000
0000
0000
020A
020A
0000
0000
010A
0000
0000
0000
020A
020A
0000
0000
000A
0000
000A
0000
0000
0000
8005
0000
0000
0000
0000
3005
3005
3005
0000
0000
080A
0000
0000
8205
8205
8105
0000
0000
000A
0000
0000
0000
000A
0000
0000
0000
000A
0000
000A
0000
0000
0000
0000
0000
0000
0000
0000
0000
0000
0000
0000
0000
080A
0000
080A
0200
0200
0100
0100
0000
0100
0000
0000
0200
0200
0100
0100
0000
000A
0000
0000
0000
0000
0000
0000
0000
0000
0000
0000
000A
000A
000A
0000
0000
080A
0000
0000
0000
020A
020A
0000
0000
010A
0000
0000
0000
020A
020A
0000
0000
000A
0000
0000
0000
0000
0000
0000
0000
0000
0000
0000
000A
000A
000A
0000
0000
080A
0000
0000
0000
020A
020A
0000
0000
010A
0000
0000
0000
020A
020A
0000