0000
0000
0000
0000
0000
A028
0400
0000
0000
7C00
7C00
0000
0000
0004
0004
0000
0000
0400
0000
0000
0000
0000
0000
0000
0000
0004
7C00
0000
0000
0004
0004
0000
0000
0000
0000
0000
B028
9828
0400
0000
0000
7C00
7C00
0000
0004
0004
0004
0000
0000
0400
0000
0000
0000
0000
0000
0000
0000
0004
7C00
0000
0000
0004
0004
0000
0000
0000
0000
0000
0000
8028
0400
0000
0000
7C00
7C00
0000
0004
0004
0004
0000
0000
0400
0000
0000
0000
0000
0000
0000
0000
0004
0000
0000
0000
0004
0004
0000
0000
0000
0000
0000
0000
8828
0400
0000
0400
7C00
7C00
0000
0004
0004
0004
0000
0000
0400
0000
0000
0000
0000
0000
0000
0000
0004
0000
0000
0000
0004
0004
0000
0000
0000
0000
0000
0018
0028
0020
1820
7900
0000
7C00
0000
0004
0004
0004
0004
0000
0400
0000
0000
0000
0000
0000
0000
7C00
0004
0000
0000
0000
0004
0000
0000
7900
0000
7A00
0000
F000
F000
F000
F000
7900
7C00
7A00
0000
0004
0004
0004
0004
0000
0400
0000
0400
0000
0000
0000
0000
0000
0004
7A00
0000
0004
0004
0004
0004
0000
0000
0000
0000
B818
B828
0400
0000
7900
0000
7A00
0000
0004
0004
0004
0000
0000
0400
0000
0000
0000
0000
0000
0000
0000
0004
0000
0000
0000
0004
0004
0000
0000
0000
0000
0000
B820
9028
0400
0000
7A00
7C00
0000
0000
0004
0004
0004
0000
0000
0400
0000
0000
0000
0000
0000
0000
0000
0004
0000
0000
0000
0004
0004
0000