0008
0400
0000
0000
0000
7C00
C028
0000
0000
0000
0000
0000
0000
A028
0400
0000
0000
0000
0000
0000
0000
A028
0400
0000
0000
A028
0000
0000
0000
A028
0400
0000
0000
0400
0000
0000
0000
7C00
D028
0000
0000
0000
0000
0000
B028
9828
0400
0000
0000
0000
0000
0000
0000
9828
0400
0000
0000
9828
0000
0000
0000
9828
0400
0000
0000
0400
0000
0000
0000
7C00
C828
0000
0000
0000
0000
0000
0000
8028
0400
0000
0000
0000
0000
0000
0000
8028
0400
0000
0000
8028
0000
0000
0000
8028
0400
0000
0000
0400
0000
0000
0000
7C00
D828
0000
F028
0000
0000
0000
0000
8828
0400
0000
0000
0000
0000
0000
0000
8828
0400
0000
0000
8828
0000
0000
0000
8828
0400
0000
0000
0400
0000
0400
0000
0000
0000
7800
0000
0000
0000
0000
0018
0028
0020
1820
0000
0000
0000
0000
0018
0028
0020
1820
0000
0000
0000
0000
0000
0000
0000
0000
0000
0400
0000
0400
7900
7C00
7A00
7E00
0000
0000
0000
0000
F000
F000
F000
F000
0000
0000
0000
0000
F000
F000
F000
F000
0000
F000
0000
0000
F000
F000
F000
F000
0000
0400
0000
0000
0000
0000
E828
0000
0000
0000
0000
0000
B818
B828
0400
0000
0000
0000
0000
0000
0000
B828
0400
0000
0000
B828
0000
0000
0000
B828
0400
0000
0000
0400
0000
0000
0000
7C00
E028
0000
0000
0000
0000
0000
B820
9028
0400
0000
0000
0000
0000
0000
0000
9028
0400
0000
0000
9028
0000
0000
0000
9028
0400
0000