0000
0004
0000
0000
0000
0004
0004
0000
0008
A02C
C028
0000
0000
0004
0004
0000
0004
0004
0000
0000
0000
0004
0004
0000
0000
0004
E028
0000
0000
0004
0004
0000
0004
0004
0000
0000
0004
0004
0004
0000
0000
982C
D028
0000
0004
0004
0004
0000
0004
0004
0000
0000
0000
0004
0004
0000
0000
0004
E828
0000
0000
0004
0004
0000
0000
0004
0000
0000
0000
0004
0004
0000
0028
802C
C828
0000
0004
0004
0004
0000
0004
0004
0000
0000
0000
0004
0004
0000
0000
0004
0000
0000
0000
0004
0004
0000
0000
0004
0000
0000
0000
0004
0004
0000
0000
882C
D828
0000
0004
0004
0004
0000
0004
0004
0000
0000
0000
0004
0004
0000
0000
0004
0000
0000
0000
0004
0004
0000
0000
0004
0000
0004
0004
0004
0004
0004
E818
0000
F020
0000
0004
0004
0004
0004
0004
0004
0000
0000
0004
0004
0004
0004
F018
0004
00A0
0000
0000
0004
0000
0000
F004
0004
F004
0004
0004
0004
0004
0004
F028
F004
F028
0000
0004
0004
0004
0004
0004
0004
0000
0004
0004
0004
0004
0004
0000
0004
F010
0000
0004
0004
0004
0004
B81C
0004
0000
0000
0004
0004
0004
0000
E018
B82C
E820
0000
0004
0004
0004
0000
0004
0004
0000
0000
0000
0004
0004
0000
0000
0004
0000
0000
0000
0004
0004
0000
B824
0004
0000
0000
0004
0004
0004
0000
E020
902C
0000
0000
0004
0004
0004
0000
0004
0004
0000
0000
0000
0004
0004
0000
0000
0004
0000
0000
0000
0004
0004
0000