0000
0028
0000
0000
0000
0000
0000
0000
0000
0000
0000
0000
0000
0000
7800
0000
0000
A028
0000
0000
0000
0000
7800
0000
0000
0000
0000
0000
0000
0000
7800
0000
0000
0028
0000
0000
0000
0000
0000
0000
0000
0000
0000
0000
0000
0000
7800
0000
0000
9828
0000
0000
0000
0000
7800
0000
0000
0000
0000
0000
0000
0000
7800
0000
0000
0028
0000
0000
0000
0000
0000
0000
0000
0000
0000
0000
0000
0000
7800
0000
0000
8028
0000
0000
0000
0000
7800
0000
0000
0000
0000
0000
0000
0000
7800
0000
0000
0028
0000
0000
0000
0000
0000
0000
0000
0000
0000
0000
0000
0000
7800
0000
0000
8828
0000
0000
0000
0000
7800
0000
0000
0000
0000
0000
0000
0000
7800
0000
0000
0028
0000
0028
0000
0000
0000
0000
0000
0000
0000
0000
0000
0000
0000
0000
0000
0028
0000
0000
0000
0000
0000
0000
0000
0000
0000
0000
0000
0000
0000
0000
0000
0028
0000
0028
0000
0000
0000
0000
0000
0000
0000
0000
0000
0000
0000
0000
0000
F000
0000
F000
0000
0000
0000
0000
0000
0000
0000
0000
0000
0000
0000
0000
0000
0028
0000
0000
0000
0000
0000
0000
0000
0000
0000
0000
0000
0000
7800
0000
0000
B828
0000
0000
0000
0000
7800
0000
0000
0000
0000
0000
0000
0000
7800
0000
0000
0028
0000
0000
0000
0000
0000
0000
0000
0000
0000
0000
0000
0000
7800
0000
0000
9028
0000
0000
0000
0000
7800
0000
0000
0000
0000
0000
0000
0000
7800
0000