0000
0000
0000
0000
0000
0000
7800
0000
0000
0000
0000
0000
0000
7C00
C028
0000
0000
0028
0000
0000
0000
7C00
C028
0000
0000
7C00
0000
0000
0000
7C00
C028
0000
0000
0000
0000
0000
0000
0000
7800
0000
0000
0000
0000
0000
0000
7C00
D028
0000
0000
0028
0000
0000
0000
7C00
D028
0000
0000
7C00
0000
0000
0000
7C00
D028
0000
0000
0000
0000
0000
0000
0000
7800
0000
0000
0000
0000
0000
0000
7C00
C828
0000
0000
0028
0000
0000
0000
7C00
C828
0000
0000
7C00
0000
0000
0000
7C00
C828
0000
0000
0000
0000
0000
0000
0000
7800
0000
7C00
0000
0000
0000
0000
7C00
D828
0000
0000
0028
0000
0000
0000
7C00
D828
0000
0000
7C00
0000
0000
0000
7C00
D828
0000
0000
0000
0000
0000
0000
0000
0000
0000
0000
0000
0000
0000
0000
0000
0000
7800
0000
0028
0000
0000
0000
0000
0000
7800
0000
0028
0000
0000
0000
0028
0000
0000
0000
0000
0000
0000
0000
0000
0000
0000
0000
0000
0000
0000
7900
7C00
7A00
7E00
0000
0028
0000
0028
7900
7C00
7A00
7E00
0000
7C00
0000
0000
7900
7C00
7A00
7E00
0000
0000
0000
0000
0000
0000
7800
0000
0000
0000
0000
0000
0000
0000
E828
0000
0000
0028
0000
0000
0000
0000
E828
0000
0000
0000
0000
0000
0000
0000
E828
0000
0000
0000
0000
0000
0000
0000
7800
0000
0000
0000
0000
0000
0000
7C00
E028
0000
0000
0028
0000
0000
0000
7C00
E028
0000
0000
7C00
0000
0000
0000
7C00
E028
0000