0010
0090
0000
0090
0000
0012
0090
0090
0000
0000
0000
0000
0000
0000
0000
0000
0000
0090
0000
0090
0000
0010
0010
0010
0000
0000
0000
0000
0000
0000
0000
0000
0010
0090
0000
0090
0012
0012
0090
0090
0002
0000
0000
0000
0000
0000
0000
0000
0000
0090
0000
0090
0000
0010
0010
0010
0000
0000
0000
0000
0000
0000
0000
0000
0000
0090
0000
0090
0000
0012
0090
0090
0000
0000
0000
0000
0002
0000
0000
0000
0000
0090
0000
0090
0000
0010
0010
0010
0000
0000
0000
0000
0000
0000
0000
0000
0000
0090
0000
0090
0000
0012
0090
0090
0002
0000
0000
0000
0010
0000
0000
0000
0000
0090
0000
0090
0000
0010
0010
0010
0000
0000
0000
0000
0000
0000
0000
0000
0000
0090
0000
0090
0012
0012
0012
0080
0000
0000
0000
0000
0000
0000
0000
0000
0000
0090
0000
0000
0010
0010
0010
0010
0000
0000
0000
0000
0000
0000
0000
0000
0000
0090
0000
0090
0012
0012
0012
0012
0000
0000
0000
0000
0000
0000
0000
0000
0000
0090
0000
0090
0010
0010
0010
0010
0000
0000
0000
0000
0000
0000
0000
0000
0000
0090
0000
0090
0012
0012
0090
0090
0000
0000
0000
0000
0000
0000
0000
0000
0000
0090
0000
0090
0000
0010
0010
0010
0000
0000
0000
0000
0000
0000
0000
0000
0000
0090
0000
0090
0012
0012
0090
0090
0000
0000
0000
0000
0000
0000
0000
0000
0000
0090
0000
0090
0000
0010
0010
0010
0000
0000
0000
0000
0000
0000
0000
0000