0000
0012
0000
0090
0000
0000
0012
0002
0000
0000
0000
0000
0000
0000
0000
0010
0000
0012
0000
0090
0000
0000
0000
0010
0000
0000
0000
0010
0000
0000
0000
0010
0002
0012
0000
0090
0000
0000
0012
0002
0000
0000
0000
0000
0000
0000
0000
0010
0000
0012
0000
0090
0000
0000
0000
0010
0000
0000
0000
0010
0000
0000
0000
0010
0000
0012
0000
0090
0000
0000
0012
0002
0000
0000
0000
0000
0000
0000
0000
0010
0000
0012
0000
0090
0000
0000
0000
0010
0000
0000
0000
0010
0000
0000
0000
0010
0002
0012
0000
0090
0000
0000
0012
0002
0000
0000
0000
0000
0002
0000
0000
0010
0000
0012
0000
0090
0000
0000
0000
0010
0000
0000
0000
0010
0000
0000
0000
0010
0000
0012
0000
0080
0000
0000
0000
0000
0000
0000
0000
0000
0000
0000
0000
0012
0000
0012
0000
0000
0000
0000
0000
0012
0000
0000
0000
0000
0000
0000
0000
0000
0000
0012
0000
0012
0000
0000
0000
0000
0000
0000
0000
0000
0000
0000
0000
0000
0000
0012
0000
0012
0000
0000
0000
0000
0000
0000
0000
0000
0000
0000
0000
0000
0000
0012
0000
0090
0000
0000
0012
0002
0000
0000
0000
0000
0000
0000
0000
0010
0000
0012
0000
0090
0000
0000
0000
0010
0000
0000
0000
0010
0000
0000
0000
0010
0000
0012
0000
0090
0000
0000
0012
0002
0000
0000
0000
0000
0000
0000
0000
0010
0000
0012
0000
0090
0000
0000
0000
0010
0000
0000
0000
0010
0000
0000
0000
0010