0400
300A
0000
300A
0000
0000
8005
0000
0000
0000
0000
0000
0000
0000
0000
3205
0000
310A
0000
310A
0000
0000
0000
8005
0000
0000
0000
3205
0000
0000
0000
3205
0000
300A
0000
300A
0000
0000
8005
0000
0000
0000
0000
0000
0000
0000
0000
3205
0000
310A
0000
310A
0000
0000
0000
8005
0000
0000
0000
3205
0000
0000
0000
3205
0020
300A
0000
300A
0000
0000
8005
0000
0000
0000
0000
0000
0000
0000
0000
3205
0000
310A
0000
310A
0000
0000
0000
8005
0000
0000
0000
3205
0000
0000
0000
3205
0000
300A
0000
300A
0000
0000
8005
0000
0000
0000
0000
0000
0000
0000
0000
3205
0000
310A
0000
310A
0000
0000
0000
8005
0000
0000
0000
3205
0000
0000
0000
3205
0000
3005
0000
0000
0000
0000
0000
0000
0000
0000
0000
0000
0000
0000
0000
3205
0000
3105
0000
0000
0000
0000
0000
8005
0000
0000
0000
0000
0000
0000
0000
0000
0000
300A
0000
300A
0000
0000
0000
0000
0000
0000
0000
0000
0000
0000
0000
0000
0000
310A
0000
310A
0000
0000
0000
0000
0000
0000
0000
0000
0000
0000
0000
0000
0000
300A
0000
300A
0000
0000
8005
0000
0000
0000
0000
0000
0000
0000
0000
3205
0000
310A
0000
310A
0000
0000
0000
8005
0000
0000
0000
3205
0000
0000
0000
3205
0000
300A
0000
300A
0000
0000
8005
0000
0000
0000
0000
0000
0000
0000
0000
3205
0000
310A
0000
310A
0000
0000
0000
8005
0000
0000
0000
3205
0000
0000
0000
3205