0038
FC38
0000
0000
0000
0000
F800
FC38
0000
0000
0000
0000
0000
0000
4030
7830
0000
FC38
0000
0000
0000
0000
4030
7830
0000
0000
0000
7830
0000
0000
4030
7830
0002
FC38
0000
0000
0000
0000
F800
FC38
0000
0000
0000
0000
0000
0000
5030
7830
0000
FC38
0000
0000
0000
0000
5030
7830
0000
0000
0000
7830
0000
0000
5030
7830
0000
FC38
0000
0000
0000
0000
F800
FC38
0000
0000
0000
0000
0000
0000
4830
7830
0000
FC38
0000
0000
0000
0000
4830
7830
0000
0000
0000
7830
0000
0000
4830
7830
0004
FC38
0000
0000
0000
0000
F800
FC38
0000
0000
0000
0000
0002
0000
5830
7830
0000
FC38
0000
0000
0000
0000
5830
7830
0000
0000
0000
7830
0000
0000
5830
7830
0000
0028
0000
1830
0000
0000
0000
0000
0000
0000
0000
0000
0000
0000
0000
7800
0000
0028
0000
0000
0000
0000
0000
7800
0000
0000
0000
0000
0000
0000
0000
0000
0000
FC38
0000
F628
0000
0000
0000
0000
0000
0000
0000
0000
0000
0000
0000
0000
0000
FC38
0000
F628
0000
0000
0000
0000
0000
0000
0000
0000
0000
0000
0000
0000
0000
FC38
0000
0000
0000
0000
F800
FC38
0000
0000
0000
0000
0000
0000
6830
7830
0000
FC38
0000
0000
0000
0000
6830
7830
0000
0000
0000
7830
0000
0000
6830
7830
0000
FC38
0000
0000
0000
0000
F800
FC38
0000
0000
0000
0000
0000
0000
6030
7830
0000
FC38
0000
0000
0000
0000
6030
7830
0000
0000
0000
7830
0000
0000
6030
7830