0000
0004
0000
0004
0000
0004
0004
0004
0008
0004
FC28
0000
0000
0004
0004
0004
0004
0004
0000
0004
0000
0004
0004
0004
0000
0004
0000
0004
0000
0004
0004
0004
003C
0004
0000
0004
0004
0004
0004
0004
0000
0004
FC28
0000
0004
0004
0004
0004
0004
0004
0000
0004
0000
0004
0004
0004
0000
0004
0000
0004
0000
0004
0004
0004
0000
0004
0000
0004
0000
0004
0004
0004
0028
0004
FC28
0000
003C
0004
0004
0004
0004
0004
0000
0004
0000
0004
0004
0004
0000
0004
0000
0004
0000
0004
0004
0004
0000
0004
0000
0004
0000
0004
0004
0004
0000
0004
FC28
0000
003C
0004
0004
0004
0004
0004
0000
0004
0000
0004
0004
0004
0000
0004
0000
0004
0000
0004
0004
0004
0000
0004
0000
0004
0004
0004
0004
0004
F918
0000
FC20
0000
0004
0004
0004
0004
0004
0004
0000
0000
0004
0004
0004
0004
FC18
0004
00A0
0000
0000
0004
0000
0000
0004
0004
0004
0004
0004
0004
0004
0004
F928
0004
FA28
0000
0004
0004
0004
0004
0004
0004
0000
0004
0004
0004
0004
0004
0000
0004
FA10
0000
0004
0004
0004
0004
0004
0004
0000
0004
0004
0004
0004
0004
F918
0004
FA20
0000
0004
0004
0004
0004
0004
0004
0000
0004
0000
0004
0004
0004
0000
0004
0000
0004
0000
0004
0004
0004
0004
0004
0000
0004
0004
0004
0004
0004
FA20
0004
0000
0000
0004
0004
0004
0004
0004
0004
0000
0004
0000
0004
0004
0004
0000
0004
0000
0004
0000
0004
0004
0004