0008
0038
0000
0038
0000
FC38
0000
0000
0000
0000
0000
0000
0000
0038
0038
0038
0000
0038
0000
0038
0000
0038
0038
0038
0000
0038
0000
0038
0000
0038
0038
0038
0000
0038
0000
0038
B038
FC38
0000
0000
0038
0000
0000
0000
0038
0038
0038
0038
0000
0038
0000
0038
0000
0038
0038
0038
0000
0038
0000
0038
0000
0038
0038
0038
0000
0038
0000
0038
0000
FC38
0000
0000
0000
0000
0000
0000
0002
0038
0038
0038
0000
0038
0000
0038
0000
0038
0038
0038
0000
0038
0000
0038
0000
0038
0038
0038
0000
0038
0000
0038
0000
FC38
0000
0000
F428
0000
0000
0000
0038
0038
0038
0038
0000
0038
0000
0038
0000
0038
0038
0038
0000
0038
0000
0038
0000
0038
0038
0038
0000
0038
0000
0038
0018
0028
0020
1830
0000
0000
0000
0000
0038
0038
0038
0038
0000
0038
0000
0000
0038
0038
0038
0038
0000
0038
0000
0000
0000
0038
0000
0000
0000
0038
0000
0038
F938
FC38
FA38
F628
0000
0000
0000
0000
0038
0038
0038
0038
0000
0038
0000
0038
0038
0038
0038
0038
0000
0038
0000
0000
0038
0038
0038
0038
0000
0038
0000
0038
F938
FC38
0000
0000
0000
0000
0000
0000
0038
0038
0038
0038
0000
0038
0000
0038
0000
0038
0038
0038
0000
0038
0000
0038
0000
0038
0038
0038
0000
0038
0000
0038
FA38
FC38
0000
0000
0000
0000
0000
0000
0038
0038
0038
0038
0000
0038
0000
0038
0000
0038
0038
0038
0000
0038
0000
0038
0000
0038
0038
0038