0000
0000
0000
7830
0000
0000
0000
0000
0000
0000
0000
0000
0000
0000
F800
FC38
0000
0000
0000
7830
0000
0000
F800
FC38
0000
0000
0000
FC38
0000
0000
F800
FC38
0000
0000
0000
7830
0000
0000
0000
0000
0000
0000
0000
0000
0000
0000
F800
FC38
0000
0000
0000
7830
0000
0000
F800
FC38
0000
0000
0000
FC38
0000
0000
F800
FC38
0038
0000
0000
7830
0000
0000
0000
0000
0000
0000
0000
0000
0000
0000
F800
FC38
0000
0000
0000
7830
0000
0000
F800
FC38
0000
0000
0000
FC38
0000
0000
F800
FC38
0000
0000
0000
7830
0000
0000
0000
0000
0000
0000
0000
0000
0000
0000
F800
FC38
0000
0000
0000
7830
0000
0000
F800
FC38
0000
0000
0000
FC38
0000
0000
F800
FC38
0000
0000
0000
7800
0000
0000
0000
0000
0000
0000
0000
0000
0000
0000
0000
0000
0000
0000
0000
0000
0000
0000
0000
0000
0000
0000
0000
0000
0000
0000
0000
0000
0000
0000
0000
0000
0000
0000
0000
0000
0000
0000
0000
0000
0000
0000
0000
0000
0000
0000
0000
0000
0000
0000
0000
0000
0000
0000
0000
0000
0000
0000
0000
0000
0000
0000
0000
7830
0000
0000
0000
0000
0000
0000
0000
0000
0000
0000
F800
FC38
0000
0000
0000
7830
0000
0000
F800
FC38
0000
0000
0000
FC38
0000
0000
F800
FC38
0000
0000
0000
7830
0000
0000
0000
0000
0000
0000
0000
0000
0000
0000
F800
FC38
0000
0000
0000
7830
0000
0000
F800
FC38
0000
0000
0000
FC38
0000
0000
F800
FC38